,i,q,n
0,2065,300,3480.0
1,2076,2400,28296.0
2,2086,200,5980.0
3,2094,1500,14490.0
4,2099,900,10413.0
5,2102,3200,85888.0
6,2105,31300,100473.0
7,2106,6100,57462.0
8,2111,5500,198330.0
9,2113,22700,527548.0
10,2122,400,12792.0
11,2123,2100,11235.0
12,2127,1700,20434.0
13,2135,1600,22720.0
14,2138,300,1200.0
15,2141,5000,17150.0
16,2152,2600,15938.0
17,2164,1300,19435.0
18,2170,3700,15984.0
19,2172,100,554.0
20,2174,100,260.0
21,2177,6500,38155.0
22,2182,100,5020.0
23,2189,1400,17668.0
24,2190,100,725.0
25,2196,14100,111249.0
26,2199,1900,11362.0
27,2200,2400,21840.0
28,2204,39200,112896.0
29,2207,800,10512.0
30,2210,5800,41934.0
31,2213,93500,422620.0
32,2214,200,548.0
33,2219,2400,12744.0
34,2235,1000,9680.0
35,2238,1400,10780.0
36,2242,2100,29085.0
37,2261,8600,42570.0
38,2262,3700,261923.0
39,2276,2700,17847.0
40,2279,9800,28910.0
41,2282,1400,6790.0
42,4770,1500,12255.0
43,2290,100,1168.0
44,2291,300,1665.0
45,2295,2200,34166.0
46,2299,6100,54473.0
47,2306,100,957.0
48,2313,4200,33768.0
49,2320,1500,10335.0
50,2324,1700,19091.0
51,2328,4000,21440.0
52,2331,10800,34344.0
53,2336,100,5303.0
54,2338,600,6876.0
55,2342,300,1581.0
56,2352,1600,40288.0
57,2357,600,11556.0
58,2359,200,1726.0
59,2361,100,756.0
60,2362,5700,16872.0
61,2366,5500,24860.0
62,2367,2500,16600.0
63,2370,37700,504049.0
64,2374,300,18630.0
65,2376,1300,18655.0
66,2389,1500,30195.0
67,2391,17400,273006.0
68,2392,9200,53636.0
69,2393,1000,10150.0
70,2409,2600,16120.0
71,2415,3300,18942.0
72,2418,500,12105.0
73,2424,3100,25947.0
74,2439,22700,97156.0
75,2449,2300,10097.0
76,2484,1700,24293.0
77,2485,1500,53340.0
78,2491,1700,20621.0
79,2494,19000,108300.0
80,2495,2500,41250.0
81,2504,4900,42385.0
82,2528,1000,10770.0
83,2531,100,264.0
84,2533,500,11125.0
85,4893,700,21035.0
86,4925,800,11024.0
87,5090,600,10512.0
88,4990,300,8889.0
89,5034,700,10360.0
90,2546,9600,113376.0
91,2557,1000,11770.0
92,2576,1900,8759.0
93,2587,5800,23084.0
94,2590,5400,78138.0
95,2595,13700,376476.0
96,2609,5300,43831.0
97,2611,1900,22686.0
98,2613,8200,77162.0
99,2617,700,17696.0
100,2623,19000,261440.0
101,2626,3300,17061.0
102,2638,100,1615.0
103,2639,1600,21408.0
104,2644,100,1399.0
105,2646,700,4536.0
106,2649,1800,21654.0
107,2659,1000,11410.0
108,2665,3200,10144.0
109,2666,100,1186.0
110,2669,5000,101800.0
111,2673,500,9795.0
112,2675,3700,11174.0
113,2687,2200,10560.0
114,2688,7500,18675.0
115,2690,2800,17640.0
116,2694,3600,45612.0
117,2697,4900,81193.0
118,2702,4400,18480.0
119,2716,2800,30100.0
120,2718,1100,9834.0
121,2722,400,12396.0
122,2727,33900,483414.0
123,2734,500,19645.0
124,2736,3700,43586.0
125,2737,41700,146784.0
126,2740,1500,10845.0
127,2744,2600,28912.0
128,2750,5600,47768.0
129,2752,4000,10320.0
130,2762,200,1924.0
131,2766,5000,22000.0
132,2770,100,1638.0
133,2782,2000,48740.0
134,2783,10300,119068.0
135,2794,100,1926.0
136,2804,800,9880.0
137,2809,2900,53186.0
138,2810,2500,37650.0
139,2812,1900,43567.0
140,2820,1000,50080.0
141,2830,900,5886.0
142,2840,1600,9840.0
143,2853,100,269.0
144,2859,3800,23484.0
145,2860,4400,10208.0
146,2867,3800,22914.0
147,2876,2500,12275.0
148,2877,100,5239.0
149,2881,13200,48444.0
150,2887,4700,17296.0
151,2890,1900,29811.0
152,2898,2300,12075.0
153,2900,5800,124758.0
154,2906,200,6348.0
155,2907,2700,19521.0
156,2919,1800,12420.0
157,2922,1200,37308.0
158,2934,2300,42941.0
159,2943,200,2252.0
160,2944,5700,40185.0
161,2947,1000,72050.0
162,2960,500,16605.0
163,2966,4800,119136.0
164,2980,3000,15300.0
165,2981,1600,10384.0
166,2989,17200,138116.0
167,2997,500,19800.0
168,3002,200,2716.0
169,3003,6100,249063.0
170,3009,4200,136290.0
171,3023,1900,44783.0
172,3032,4100,10086.0
173,3036,43700,308085.0
174,3037,6300,12978.0
175,3042,3200,10048.0
176,3049,1200,9828.0
177,3057,3500,15505.0
178,3058,14900,46935.0
179,3059,100,416.0
180,3065,10100,96960.0
181,3069,4000,16200.0
182,3078,9800,240688.0
183,3083,4800,42144.0
184,3087,500,6465.0
185,3088,6600,18612.0
186,3089,1800,31608.0
187,3092,800,10976.0
188,3099,4200,15960.0
189,3102,14100,380700.0
190,3104,37700,182845.0
191,3108,5200,26156.0
192,3110,1000,14120.0
193,3118,2000,16600.0
194,3121,3700,24716.0
195,3124,1800,27774.0
196,3133,1900,15105.0
197,3134,4100,36736.0
198,3136,29900,138437.0
199,3140,200,734.0
200,3142,3400,29750.0
201,3155,4400,13508.0
202,3158,800,39560.0
203,3160,2000,10540.0
204,3165,1800,16200.0
205,3166,2000,25300.0
206,3169,1100,10065.0
207,3173,3200,10432.0
208,3176,2700,31617.0
209,3193,1600,14512.0
210,3195,2600,10036.0
211,3197,400,6132.0
212,3205,2000,10480.0
213,3210,1300,9724.0
214,3217,36900,293355.0
215,3230,5600,90048.0
216,3234,400,1780.0
217,3250,1800,26982.0
218,3255,200,2958.0
219,3256,100,945.0
220,3257,3900,54756.0
221,3259,1300,11466.0
222,3260,600,9774.0
223,3266,3700,141673.0
224,3272,1100,9614.0
225,3282,100,4505.0
226,3284,1100,10087.0
227,3304,100,4947.0
228,3308,4300,39216.0
229,3309,1100,42757.0
230,3320,1300,12714.0
231,3322,1800,15588.0
232,3324,400,9332.0
233,3332,700,10066.0
234,3334,4300,179267.0
235,3335,100,2948.0
236,3338,1600,10496.0
237,3340,600,19530.0
238,3344,1400,23982.0
239,3346,1500,11910.0
240,3357,600,22572.0
241,3360,3300,43428.0
242,3368,600,11760.0
243,3369,300,33708.0
244,3382,500,14625.0
245,3388,300,10176.0
246,3394,1300,10595.0
247,3402,1400,20804.0
248,3403,600,10020.0
249,3412,1700,59466.0
250,3413,600,29580.0
251,3415,2900,60204.0
252,3416,100,1137.0
253,3421,2200,76714.0
254,3429,3300,38775.0
255,3433,500,7960.0
256,3440,800,10080.0
257,3442,4300,136654.0
258,3447,500,8915.0
259,3451,600,5526.0
260,3453,2900,36801.0
261,3456,600,9678.0
262,3458,800,30352.0
263,3459,3400,12784.0
264,3463,400,11532.0
265,3477,1000,10190.0
266,3480,3800,92986.0
267,3499,300,22176.0
268,3514,400,12560.0
269,3527,100,6191.0
270,3531,300,12210.0
271,3544,800,10704.0
272,3554,1400,7252.0
273,3559,3400,29274.0
274,3563,100,1626.0
275,3565,2200,22264.0
276,3566,6300,45045.0
277,3572,14100,292293.0
278,3578,2000,40960.0
279,3580,2600,784680.0
280,3582,700,12698.0
281,3584,400,18396.0
282,3599,2300,51290.0
283,3601,200,6130.0
284,3604,200,1254.0
285,3606,10700,307090.0
286,3612,2100,10500.0
287,3619,100,5410.0
288,3621,3000,63600.0
289,3625,6600,41778.0
290,3626,100,535.0
291,3632,2300,12627.0
292,3633,8100,103923.0
293,3651,3600,45648.0
294,3653,1500,21315.0
295,3656,1800,17226.0
296,3663,500,9625.0
297,3668,500,32205.0
298,3671,100,3136.0
299,3672,3500,21070.0
300,3674,700,19684.0
301,3680,900,26118.0
302,3681,1800,9504.0
303,3686,2000,32600.0
304,3688,2400,24432.0
305,3690,1300,17706.0
306,3697,1600,13280.0
307,3700,2800,10248.0
308,3707,2200,10692.0
309,3709,200,2076.0
310,3713,2200,22308.0
311,3717,3100,59427.0
312,3723,900,7920.0
313,3726,700,12950.0
314,3728,39500,125610.0
315,3734,1700,28169.0
316,3735,1000,9880.0
317,3736,4700,24675.0
318,3745,3600,74880.0
319,3748,2000,21940.0
320,3755,7200,66888.0
321,3762,4700,31913.0
322,3763,2300,22080.0
323,3765,2300,34155.0
324,3766,2200,17644.0
325,3773,300,2202.0
326,3774,6700,94269.0
327,3776,1300,14885.0
328,3777,600,26922.0
329,3786,4200,51450.0
330,3789,3400,38522.0
331,3790,1700,16116.0
332,3791,2200,41140.0
333,3797,1300,6942.0
334,3798,10900,110417.0
335,3800,4900,19796.0
336,3801,1600,47952.0
337,3808,3000,10080.0
338,3815,2500,221425.0
339,3817,100,599.0
340,3819,1500,10635.0
341,3825,9500,133855.0
342,3826,700,15057.0
343,3828,200,1118.0
344,3832,1700,9945.0
345,3840,6500,37895.0
346,3845,1000,8600.0
347,3847,100,1296.0
348,3849,1700,246330.0
349,3856,5800,36192.0
350,3857,7600,303924.0
351,3858,4900,22981.0
352,3860,2200,32450.0
353,3867,1800,11376.0
354,3881,1400,15288.0
355,3884,15000,100500.0
356,3889,4000,73800.0
357,3890,700,10234.0
358,3894,1000,14450.0
359,3895,1100,39930.0
360,3900,3200,21824.0
361,3902,2900,61451.0
362,3903,100,3155.0
363,3916,500,13145.0
364,3917,800,17584.0
365,3919,2500,20175.0
366,3920,4400,50600.0
367,3927,800,10096.0
368,3929,2200,14916.0
369,3931,5500,45265.0
370,3932,1100,142923.0
371,3933,200,8762.0
372,3946,3500,134015.0
373,3947,1800,31158.0
374,3953,900,22860.0
375,3954,4900,70560.0
376,3956,600,29022.0
377,3963,5200,31980.0
378,3964,1000,10240.0
379,3968,300,5760.0
380,3969,9700,155103.0
381,3972,800,10336.0
382,3974,3300,35310.0
383,3975,2100,80703.0
384,3976,300,3504.0
385,3980,400,10556.0
386,3983,5300,108014.0
387,3987,3400,83062.0
388,3989,1200,16020.0
389,3990,1200,9984.0
390,3992,1500,24240.0
391,3993,3900,85254.0
392,3994,500,13610.0
393,3996,108300,635721.0
394,3998,500,11770.0
395,4007,400,15328.0
396,4013,2000,90080.0
397,4024,3100,165850.0
398,4025,400,9824.0
399,4028,600,10080.0
400,4031,1200,14760.0
401,4034,800,10232.0
402,4036,600,10290.0
403,4037,800,10120.0
404,4038,2100,32298.0
405,4039,3500,465045.0
406,4040,3300,65769.0
407,4044,1400,10514.0
408,4045,300,9006.0
409,4053,200,8004.0
410,4056,500,7695.0
411,4061,1900,37506.0
412,4077,5600,80080.0
413,4091,1200,25188.0
414,4093,3100,156457.0
415,4094,800,10264.0
416,4095,1200,20220.0
417,4103,5900,70564.0
418,4108,900,84402.0
419,4114,1400,30604.0
420,4116,800,9896.0
421,4126,200,2638.0
422,4132,600,40110.0
423,4136,5400,121878.0
424,4138,400,21104.0
425,4140,700,16751.0
426,4141,100,1870.0
427,4142,1500,20385.0
428,4146,1500,27090.0
429,4151,1500,43095.0
430,4154,300,16137.0
431,4157,500,20905.0
432,4163,2000,52000.0
433,4167,500,20330.0
434,4177,900,12888.0
435,4179,1100,19349.0
436,4180,2600,21762.0
437,4183,1100,14333.0
438,4186,400,9704.0
439,4193,5300,171190.0
440,4196,1600,39328.0
441,4200,700,14994.0
442,4201,400,8728.0
443,4204,2300,104098.0
444,4205,300,22797.0
445,4207,10300,263680.0
446,4211,200,9848.0
447,4216,400,12292.0
448,4223,400,10932.0
449,4233,4300,40463.0
450,4239,800,15160.0
451,4242,1000,21890.0
452,4250,100,2273.0
453,4254,600,10338.0
454,4256,2500,100475.0
455,4258,700,20391.0
456,4276,1400,31584.0
457,4284,600,135000.0
458,4288,5600,120288.0
459,4289,4200,124656.0
460,4292,1700,27455.0
461,4293,900,10647.0
462,4295,700,32550.0
463,4296,200,8966.0
464,4302,300,24900.0
465,4308,100,10609.0
466,4309,500,17665.0
467,4317,600,13296.0
468,4326,1700,31688.0
469,4332,900,22626.0
470,4335,400,11560.0
471,4338,100,1856.0
472,4343,400,26372.0
473,4350,800,39592.0
474,4353,2000,17160.0
475,4358,300,10887.0
476,4365,500,26680.0
477,4373,100,2696.0
478,4376,800,15232.0
479,4380,300,27708.0
480,4383,400,10484.0
481,4384,400,10908.0
482,4387,700,16030.0
483,4393,300,19038.0
484,4403,800,28616.0
485,4417,400,14736.0
486,4421,800,18968.0
487,4422,600,15768.0
488,4424,700,14455.0
489,4438,1100,13354.0
490,4440,600,12186.0
491,4447,700,28525.0
492,4451,800,10968.0
493,4453,1600,36320.0
494,4455,1100,29964.0
495,4456,100,2334.0
496,4459,700,17045.0
497,4463,300,9033.0
498,4469,300,6135.0
499,4474,800,10816.0
500,4475,300,10047.0
501,4478,1100,18425.0
502,4482,500,10035.0
503,4483,200,2702.0
504,4485,1200,105840.0
505,4495,100,2342.0
506,4502,1400,24528.0
507,4504,700,9723.0
508,4505,100,3966.0
509,4509,900,10629.0
510,4519,100,10360.0
511,4525,700,10381.0
512,4529,4100,119720.0
513,4530,100,2510.0
514,4531,700,10626.0
515,4538,900,26298.0
516,4548,300,15795.0
517,4550,4000,45600.0
518,4552,1300,13767.0
519,4562,1400,90202.0
520,4569,2500,30800.0
521,4574,900,16119.0
522,4579,900,13797.0
523,4591,1800,21798.0
524,4599,600,36930.0
525,4600,400,10128.0
526,4601,1000,24420.0
527,4722,200,9384.0
528,4754,400,11096.0
529,4826,1400,21364.0
530,4616,400,9440.0
531,4619,1200,14628.0
532,4621,300,18717.0
533,4623,600,16482.0
534,4624,800,29600.0
535,4625,400,10020.0
536,4627,500,9895.0
537,4827,500,12195.0
538,4630,300,20850.0
539,4711,400,23780.0
540,4946,700,14819.0
541,4643,1600,31072.0
542,4645,1100,16753.0
543,4800,600,10098.0
544,4654,500,14565.0
545,4785,500,20205.0
546,5081,300,10893.0
547,4659,700,8519.0
548,4661,900,49833.0
549,4727,300,10068.0
550,4665,100,2260.0
551,4849,500,10000.0
552,4667,1000,70000.0
553,4801,400,20180.0
554,4701,400,11424.0
555,5059,400,10980.0
556,5109,300,11724.0
557,4845,500,10595.0
558,4930,300,13248.0
559,4828,200,4946.0
560,4857,200,6602.0
561,5036,400,22800.0
562,4943,500,7775.0
563,5153,500,9855.0
564,5126,4000,112960.0
565,4791,2100,203028.0
566,5111,500,24970.0
567,4875,500,10800.0
568,4870,200,6984.0
569,5061,300,10575.0
570,4991,200,13090.0
571,4912,600,10692.0
572,5121,300,12300.0
573,4881,800,26424.0
574,4858,1900,94905.0
575,4895,200,15138.0
576,4937,500,28245.0
577,5062,600,12024.0
578,4992,300,10995.0
579,5063,700,25445.0
580,5008,500,10995.0
581,5099,400,18828.0
582,4926,300,8532.0
583,5065,400,11772.0
584,5100,1100,24860.0
585,5040,600,15654.0
586,5069,200,13366.0
587,5193,800,32880.0
588,5073,3500,64750.0
589,5074,200,9060.0
590,5094,500,10345.0
591,5171,100,6896.0
592,5156,1500,91500.0
593,5136,300,9054.0
594,5158,2000,112920.0
595,5031,12400,4960.0
596,5251,40300,7254.0
597,5257,4400,1496.0
598,16,66200,109892.0
599,23,1700,59296.0
600,25,6200,51956.0
601,31,1200,9444.0
602,36,1000,17290.0
603,43,10300,219699.0
604,49,6100,19825.0
605,71,4100,33292.0
606,77,8000,80160.0
607,82,1800,10422.0
608,85,1800,9396.0
609,86,1500,38745.0
610,88,10600,131970.0
611,89,4500,82935.0
612,95,100,516.0
613,105,1700,42313.0
614,107,6600,82632.0
615,125,23700,41949.0
616,129,400,9064.0
617,131,3100,18290.0
618,135,1900,10336.0
619,139,57300,207999.0
620,147,1900,43054.0
621,150,4300,20898.0
622,151,5700,27360.0
623,166,2000,26400.0
624,167,1600,25728.0
625,172,300,12087.0
626,173,3500,33180.0
627,177,15700,109429.0
628,188,500,3790.0
629,198,8000,29280.0
630,202,200,2636.0
631,212,400,13440.0
632,225,700,34601.0
633,232,2100,20202.0
634,258,2100,15624.0
635,276,4200,29274.0
636,279,12200,145668.0
637,283,800,18616.0
638,289,16200,157464.0
639,290,2900,18067.0
640,294,1700,11968.0
641,298,5300,302259.0
642,300,5600,45080.0
643,311,1000,33740.0
644,316,42300,256338.0
645,320,300,3618.0
646,322,1200,9924.0
647,324,9200,119968.0
648,338,8100,101736.0
649,340,4700,215730.0
650,353,300,9069.0
651,354,11400,49704.0
652,369,11500,30935.0
653,374,600,10764.0
654,391,23300,148188.0
655,392,4100,85690.0
656,397,13200,33924.0
657,409,19900,121390.0
658,426,400,26344.0
659,432,7500,16425.0
660,437,6900,71553.0
661,439,3600,51696.0
662,441,11100,56166.0
663,448,700,96285.0
664,451,400,808.0
665,454,1700,58531.0
666,459,1400,9940.0
667,467,14200,661010.0
668,477,1800,6120.0
669,483,3300,14157.0
670,490,20400,163812.0
671,494,1300,9971.0
672,504,3900,21996.0
673,508,3000,31860.0
674,511,2700,30861.0
675,518,21100,131664.0
676,520,900,21240.0
677,530,18600,110484.0
678,544,8000,25440.0
679,551,4800,17952.0
680,558,6600,59664.0
681,565,4200,76188.0
682,566,700,58030.0
683,567,6900,104535.0
684,569,500,2430.0
685,579,9600,33792.0
686,589,1300,10725.0
687,594,700,10864.0
688,595,13300,136990.0
689,605,5400,11286.0
690,609,500,1910.0
691,622,600,32988.0
692,628,2800,35560.0
693,632,1300,10582.0
694,644,6600,35244.0
695,650,4900,18277.0
696,657,2200,9548.0
697,661,5300,23638.0
698,672,2200,12210.0
699,685,1000,14560.0
700,687,3000,56700.0
701,699,3600,97884.0
702,712,4900,36358.0
703,714,2200,14784.0
704,716,4000,10040.0
705,741,6400,224640.0
706,760,2900,46632.0
707,768,36900,133947.0
708,770,1100,9856.0
709,791,27300,168987.0
710,802,700,14931.0
711,804,700,10339.0
712,813,4400,11924.0
713,818,900,9738.0
714,4979,3600,61380.0
715,4963,3200,79648.0
716,846,2700,72927.0
717,848,1800,27486.0
718,861,900,11772.0
719,868,14600,50808.0
720,882,1100,9867.0
721,921,100,2033.0
722,925,20000,267600.0
723,930,2000,57160.0
724,937,1900,26182.0
725,941,2500,144875.0
726,944,2400,36984.0
727,948,16800,53760.0
728,952,400,3528.0
729,959,2600,20384.0
730,961,900,12924.0
731,979,2500,40975.0
732,980,200,4930.0
733,985,11200,184912.0
734,987,14300,135278.0
735,992,100,835.0
736,1014,8500,20570.0
737,1022,300,9384.0
738,1028,5800,46110.0
739,1043,1700,12138.0
740,1053,200,9610.0
741,1054,1000,23660.0
742,1057,600,10074.0
743,1064,1000,10630.0
744,5185,300,13194.0
745,1067,3700,78292.0
746,1073,1000,12830.0
747,1074,900,22347.0
748,1080,2300,127880.0
749,1081,5500,54670.0
750,1083,300,14940.0
751,1084,1500,12195.0
752,1087,800,10528.0
753,4736,500,11225.0
754,1090,800,9336.0
755,1094,100,3522.0
756,1098,100,2120.0
757,1099,900,14625.0
758,1110,2900,28101.0
759,1114,600,92580.0
760,1116,2100,26103.0
761,1119,6100,112606.0
762,1127,500,47860.0
763,1131,2000,17420.0
764,1134,100,3209.0
765,1138,1100,62205.0
766,1143,600,18276.0
767,1144,2900,34771.0
768,1146,800,13904.0
769,4980,500,11580.0
770,1148,500,38340.0
771,1150,5100,223890.0
772,1152,500,18150.0
773,1154,1500,37665.0
774,4750,700,11095.0
775,1158,700,12348.0
776,1171,3600,101160.0
777,1184,700,14441.0
778,5140,400,14440.0
779,5018,100,1638.0
780,1195,1500,169500.0
781,1197,2100,38409.0
782,1199,13600,79424.0
783,1202,10100,146248.0
784,4975,300,9810.0
785,1230,1200,16992.0
786,1232,100,2961.0
787,1234,800,11104.0
788,1238,500,15140.0
789,1246,200,9498.0
790,1251,3000,134640.0
791,1264,400,15364.0
792,1268,400,87640.0
793,1273,1300,70252.0
794,1276,2100,63840.0
795,1293,1100,36718.0
796,1306,100,1354.0
797,1319,1300,55731.0
798,1335,500,9035.0
799,1336,2800,42140.0
800,1341,1800,9990.0
801,1364,1600,41648.0
802,1373,1300,17121.0
803,1380,1100,10296.0
804,1381,4400,133232.0
805,1384,1100,10230.0
806,1386,200,4754.0
807,1388,1000,14190.0
808,1389,2600,31720.0
809,1399,2200,19052.0
810,1406,3100,178684.0
811,1408,1100,11462.0
812,1409,7000,145180.0
813,1410,1500,71880.0
814,1412,700,11193.0
815,1414,500,10575.0
816,1415,100,927.0
817,1420,1100,31339.0
818,1423,3600,14364.0
819,1436,1000,18440.0
820,1439,1000,10330.0
821,1442,2000,14260.0
822,1467,400,10076.0
823,1471,1800,20088.0
824,1472,800,10752.0
825,1476,2300,41400.0
826,1478,9000,176310.0
827,1485,500,46090.0
828,1488,1200,26640.0
829,1495,500,12095.0
830,1500,800,10768.0
831,1502,1800,40518.0
832,1503,7300,255719.0
833,1508,400,12044.0
834,1511,100,995.0
835,1515,500,9900.0
836,1527,3200,18688.0
837,1530,1400,20090.0
838,1531,700,14252.0
839,1537,3400,337076.0
840,1541,2100,23751.0
841,1552,2700,46224.0
842,1554,700,9492.0
843,1558,400,7336.0
844,1561,1100,22847.0
845,1569,400,5816.0
846,1572,300,5754.0
847,1574,400,11672.0
848,1575,1300,26988.0
849,1589,800,20296.0
850,1592,600,10032.0
851,1597,1100,10120.0
852,1598,1700,60010.0
853,1600,1000,19550.0
854,1605,1400,36876.0
855,1613,600,9966.0
856,1618,100,2627.0
857,1624,600,16698.0
858,1638,8800,262680.0
859,1645,900,16092.0
860,1647,500,11890.0
861,1662,900,9936.0
862,1663,600,20922.0
863,1665,1900,87438.0
864,1667,200,8516.0
865,1668,2300,52118.0
866,1677,500,53765.0
867,1678,200,26860.0
868,1681,300,12645.0
869,1689,1900,147554.0
870,1691,200,29332.0
871,4705,800,40304.0
872,1697,1100,40128.0
873,1698,200,20646.0
874,1703,200,8594.0
875,1707,600,32460.0
876,1717,600,16752.0
877,1723,400,48360.0
878,1724,1900,43111.0
879,1730,1600,73888.0
880,1731,500,12060.0
881,1737,500,38050.0
882,1741,400,20508.0
883,1749,900,31644.0
884,4840,200,11028.0
885,1752,3300,126951.0
886,4720,1300,271570.0
887,1755,900,12285.0
888,1756,2100,109200.0
889,1757,400,25952.0
890,1760,700,16625.0
891,1766,1800,54792.0
892,4957,400,10904.0
893,4674,800,33040.0
894,1780,1300,15717.0
895,1781,2700,96012.0
896,4935,200,5308.0
897,1789,500,12280.0
898,1792,400,12824.0
899,1793,800,23608.0
900,1795,300,10500.0
901,1796,500,36875.0
902,1798,1000,53690.0
903,1799,500,102040.0
904,1804,600,29370.0
905,1809,300,40662.0
906,1810,1200,13764.0
907,1811,300,12507.0
908,4833,2600,201786.0
909,1816,1300,44460.0
910,1829,1100,29480.0
911,1833,3400,126582.0
912,1836,200,37384.0
913,1840,400,12572.0
914,4818,900,11322.0
915,1841,500,18710.0
916,4861,700,18214.0
917,1845,700,27860.0
918,1853,200,12152.0
919,1855,500,20895.0
920,4816,200,27360.0
921,1858,900,10674.0
922,4716,1500,234930.0
923,4867,100,2528.0
924,1869,1100,39149.0
925,1872,600,75000.0
926,1874,600,50538.0
927,1883,400,5720.0
928,4692,2300,75693.0
929,1888,500,12315.0
930,4758,300,10743.0
931,4679,200,20992.0
932,4672,3100,113491.0
933,4819,800,64976.0
934,1893,2300,124545.0
935,4735,2000,97000.0
936,4996,500,19195.0
937,5088,600,8664.0
938,5075,200,23100.0
939,4907,800,24096.0
940,1907,200,1894.0
941,1910,200,21688.0
942,1911,1200,30120.0
943,4908,500,22330.0
944,1912,800,13120.0
945,4789,2500,82500.0
946,1915,2100,127407.0
947,1916,1300,62088.0
948,4897,3900,27690.0
949,4869,200,10524.0
950,4761,500,12115.0
951,4803,400,12480.0
952,4874,400,28640.0
953,1927,1000,35400.0
954,4847,2200,31020.0
955,4916,700,9639.0
956,4986,300,11928.0
957,4999,40500,235710.0
958,4950,400,14116.0
959,4977,200,13700.0
960,4919,200,9036.0
961,4939,200,33260.0
962,5007,200,65200.0
963,4956,800,56760.0
964,4948,200,38600.0
965,1937,400,20280.0
966,5048,1000,12600.0
967,4952,400,39996.0
968,1942,1100,61754.0
969,1944,700,14252.0
970,4945,300,21300.0
971,1948,3300,51216.0
972,5009,800,49160.0
973,1953,200,560.0
974,1955,300,10065.0
975,1958,2100,30996.0
976,1959,500,10725.0
977,1961,600,29610.0
978,1963,300,10557.0
979,1967,4900,352555.0
980,1968,800,19600.0
981,1970,5300,101495.0
982,1972,400,22724.0
983,1974,300,10056.0
984,1977,1400,22218.0
985,1978,300,9432.0
986,1984,3500,91875.0
987,1986,400,19468.0
988,1990,2900,38889.0
989,1992,1600,30256.0
990,1995,400,10288.0
991,5080,400,16568.0
992,5220,200,23754.0
993,2004,900,30762.0
994,2006,800,9984.0
995,2023,1000,46090.0
996,2028,400,28224.0
997,2029,500,14620.0
998,2033,500,9520.0
999,2036,1900,67564.0
1000,2038,1700,23443.0
1001,2042,500,9010.0
1002,2045,300,8586.0
1003,2046,200,18246.0
1004,2048,300,11973.0
1005,2051,2400,128664.0
1006,2052,400,23584.0
1007,2054,400,10668.0
1008,2057,600,45162.0
1009,2060,400,17256.0
